{
    "name": "Devastation",
     "creator": "(Metapod)",
    "version": "1",
    "date": "2016/12/20",
    "description":"Lots of metal for 10 players. Requires the devastated metal biome server mod and all players must be loaded into the lobby prior to selecting this map.", 
	"planets": [
        {
            "name": "Squishy",
            "mass": 10000,
            "position_x": 22108.29296875,
            "position_y": 2683.041015625,
            "velocity_x": -18.051668167114258,
            "velocity_y": 148.7459259033203,
            "required_thrust_to_move": 3,
            "starting_planet": true,
            "respawn": false,
            "start_destroyed": false,
            "min_spawn_delay": 0,
            "max_spawn_delay": 0,
            "planet": {
                "seed": 979382848,
                "radius": 550,
                "heightRange": 100,
                "waterHeight": 0,
                "waterDepth": 100,
                "temperature": 0,
                "metalDensity": 100,
                "metalClusters": 100,
                "metalSpotLimit": -1,
                "biomeScale": 50,
                "biome": "devastated_metal",
                "symmetryType": "terrain and CSG",
                "symmetricalMetal": true,
                "symmetricalStarts": true,
                "numArmies": 2,
                "landingZonesPerArmy": 1,
                "landingZoneSize": 50
            },
            "planetCSG": [
                {
                    "spec": "/pa/terrain/metal/brushes/metal_cap_01.json",
                    "weight": [
                        1,
                        1,
                        1,
                        1
                    ],
                    "proj": "BP_Bend",
                    "op": "BO_Add",
                    "transform": [
                        1,
                        0,
                        0,
                        0,
                        0,
                        1,
                        0,
                        0,
                        0,
                        0,
                        1,
                        492.122802734375
                    ],
                    "scale": [
                        1,
                        1,
                        1
                    ],
                    "rotation": 0,
                    "position": [
                        0,
                        0,
                        492.122802734375
                    ],
                    "height": 492.122802734375,
                    "weightHard": true,
                    "weightScale": [
                        1,
                        1,
                        1
                    ],
                    "mirrored": false,
                    "twinId": 0,
                    "flooded": false,
                    "pathable": false,
                    "mergeable": false,
                    "no_features": false
                },
                {
                    "spec": "/pa/terrain/metal/brushes/metal_cap_01_sub.json",
                    "weight": [
                        0,
                        0,
                        0,
                        0
                    ],
                    "proj": "BP_Bend",
                    "op": "BO_Subtract",
                    "transform": [
                        1,
                        0,
                        0,
                        0,
                        0,
                        1,
                        0,
                        0,
                        0,
                        0,
                        1,
                        492.122802734375
                    ],
                    "scale": [
                        1,
                        1,
                        1
                    ],
                    "rotation": 0,
                    "position": [
                        0,
                        0,
                        492.122802734375
                    ],
                    "height": 492.122802734375,
                    "weightHard": false,
                    "weightScale": [
                        1,
                        1,
                        1
                    ],
                    "mirrored": false,
                    "twinId": 0,
                    "flooded": false,
                    "pathable": false,
                    "mergeable": false,
                    "no_features": true
                },
                {
                    "spec": "/pa/terrain/metal/brushes/metal_cap_01_add.json",
                    "weight": [
                        0,
                        0,
                        0,
                        0
                    ],
                    "proj": "BP_Bend",
                    "op": "BO_Add",
                    "transform": [
                        1,
                        0,
                        0,
                        0,
                        0,
                        1,
                        0,
                        0,
                        0,
                        0,
                        1,
                        492.122802734375
                    ],
                    "scale": [
                        1,
                        1,
                        1
                    ],
                    "rotation": 0,
                    "position": [
                        0,
                        0,
                        492.122802734375
                    ],
                    "height": 492.122802734375,
                    "weightHard": false,
                    "weightScale": [
                        1,
                        1,
                        1
                    ],
                    "mirrored": false,
                    "twinId": 0,
                    "flooded": false,
                    "pathable": false,
                    "mergeable": false,
                    "no_features": false
                },
                {
                    "spec": "/pa/terrain/metal/brushes/metal_cap_01_add.json",
                    "weight": [
                        0,
                        0,
                        0,
                        0
                    ],
                    "proj": "BP_Bend",
                    "op": "BO_Add",
                    "transform": [
                        0.30901697278022766,
                        -0.9510565400123596,
                        0,
                        0,
                        0.9510565400123596,
                        0.30901697278022766,
                        0,
                        0,
                        0,
                        0,
                        1,
                        492.122802734375
                    ],
                    "scale": [
                        1,
                        1,
                        1
                    ],
                    "rotation": 1.2566370964050293,
                    "position": [
                        0,
                        0,
                        492.122802734375
                    ],
                    "height": 492.122802734375,
                    "weightHard": false,
                    "weightScale": [
                        1,
                        1,
                        1
                    ],
                    "mirrored": false,
                    "twinId": 0,
                    "flooded": false,
                    "pathable": false,
                    "mergeable": false,
                    "no_features": false
                },
                {
                    "spec": "/pa/terrain/metal/brushes/metal_cap_01_add.json",
                    "weight": [
                        0,
                        0,
                        0,
                        0
                    ],
                    "proj": "BP_Bend",
                    "op": "BO_Add",
                    "transform": [
                        -0.8090170621871948,
                        -0.5877851843833923,
                        0,
                        0,
                        0.5877851843833923,
                        -0.8090170621871948,
                        0,
                        0,
                        0,
                        0,
                        1,
                        492.122802734375
                    ],
                    "scale": [
                        1,
                        1,
                        1
                    ],
                    "rotation": 2.5132741928100586,
                    "position": [
                        0,
                        0,
                        492.122802734375
                    ],
                    "height": 492.122802734375,
                    "weightHard": false,
                    "weightScale": [
                        1,
                        1,
                        1
                    ],
                    "mirrored": false,
                    "twinId": 0,
                    "flooded": false,
                    "pathable": false,
                    "mergeable": false,
                    "no_features": false
                },
                {
                    "spec": "/pa/terrain/metal/brushes/metal_cap_01_add.json",
                    "weight": [
                        0,
                        0,
                        0,
                        0
                    ],
                    "proj": "BP_Bend",
                    "op": "BO_Add",
                    "transform": [
                        -0.8090170621871948,
                        0.5877851247787476,
                        0,
                        0,
                        -0.5877851247787476,
                        -0.8090170621871948,
                        0,
                        0,
                        0,
                        0,
                        1,
                        492.122802734375
                    ],
                    "scale": [
                        1,
                        1,
                        1
                    ],
                    "rotation": 3.769911050796509,
                    "position": [
                        0,
                        0,
                        492.122802734375
                    ],
                    "height": 492.122802734375,
                    "weightHard": false,
                    "weightScale": [
                        1,
                        1,
                        1
                    ],
                    "mirrored": false,
                    "twinId": 0,
                    "flooded": false,
                    "pathable": false,
                    "mergeable": false,
                    "no_features": false
                },
                {
                    "spec": "/pa/terrain/metal/brushes/metal_cap_01_add.json",
                    "weight": [
                        0,
                        0,
                        0,
                        0
                    ],
                    "proj": "BP_Bend",
                    "op": "BO_Add",
                    "transform": [
                        0.3090171217918396,
                        0.9510564804077148,
                        0,
                        0,
                        -0.9510564804077148,
                        0.3090171217918396,
                        0,
                        0,
                        0,
                        0,
                        1,
                        492.122802734375
                    ],
                    "scale": [
                        1,
                        1,
                        1
                    ],
                    "rotation": 5.026548385620117,
                    "position": [
                        0,
                        0,
                        492.122802734375
                    ],
                    "height": 492.122802734375,
                    "weightHard": false,
                    "weightScale": [
                        1,
                        1,
                        1
                    ],
                    "mirrored": false,
                    "twinId": 0,
                    "flooded": false,
                    "pathable": false,
                    "mergeable": false,
                    "no_features": false
                },
                {
                    "spec": "/pa/terrain/metal/brushes/metal_trench_11.json",
                    "weight": [
                        1,
                        1,
                        1,
                        1
                    ],
                    "proj": "BP_LongitudePinch",
                    "op": "BO_Add",
                    "transform": [
                        0.7071067690849304,
                        5.960464477539063e-8,
                        0.7071067094802856,
                        382.6203308105469,
                        -0.7071067690849304,
                        5.960464477539063e-8,
                        0.7071067094802856,
                        382.6203308105469,
                        0,
                        -0.9999998807907104,
                        1.1920928955078125e-7,
                        0.0000645049731247127
                    ],
                    "scale": [
                        1,
                        1,
                        1
                    ],
                    "rotation": -0.7853981852531433,
                    "position": [
                        382.620361328125,
                        382.620361328125,
                        0
                    ],
                    "height": 541.10693359375,
                    "weightHard": true,
                    "weightScale": [
                        1,
                        1,
                        1
                    ],
                    "mirrored": false,
                    "twinId": 0,
                    "flooded": false,
                    "pathable": false,
                    "mergeable": false,
                    "no_features": false
                },
                {
                    "spec": "/pa/terrain/metal/brushes/metal_trench_11_sub.json",
                    "weight": [
                        0,
                        0,
                        0,
                        0
                    ],
                    "proj": "BP_LongitudePinch",
                    "op": "BO_Subtract",
                    "transform": [
                        0.7071067690849304,
                        1.7881393432617188e-7,
                        0.7071067094802856,
                        382.6203308105469,
                        -0.7071067690849304,
                        1.7881393432617188e-7,
                        0.7071067094802856,
                        382.6203308105469,
                        0,
                        -0.9999998807907104,
                        2.384185791015625e-7,
                        0.0001290099462494254
                    ],
                    "scale": [
                        1,
                        1,
                        1
                    ],
                    "rotation": -0.7853981852531433,
                    "position": [
                        382.620361328125,
                        382.620361328125,
                        0.00006450498040067032
                    ],
                    "height": 541.10693359375,
                    "weightHard": false,
                    "weightScale": [
                        1,
                        1,
                        1
                    ],
                    "mirrored": false,
                    "twinId": 0,
                    "flooded": false,
                    "pathable": true,
                    "mergeable": false,
                    "no_features": true
                },
                {
                    "spec": "/pa/terrain/metal/brushes/metal_trench_11_add.json",
                    "weight": [
                        0,
                        0,
                        0,
                        0
                    ],
                    "proj": "BP_LongitudePinch",
                    "op": "BO_Add",
                    "transform": [
                        0.7071067690849304,
                        1.7881393432617188e-7,
                        0.7071067094802856,
                        382.6203308105469,
                        -0.7071067690849304,
                        1.7881393432617188e-7,
                        0.7071067094802856,
                        382.6203308105469,
                        0,
                        -0.9999998807907104,
                        2.384185791015625e-7,
                        0.0001290099462494254
                    ],
                    "scale": [
                        1,
                        1,
                        1
                    ],
                    "rotation": -0.7853981852531433,
                    "position": [
                        382.620361328125,
                        382.620361328125,
                        0.00006450498040067032
                    ],
                    "height": 541.10693359375,
                    "weightHard": false,
                    "weightScale": [
                        1,
                        1,
                        1
                    ],
                    "mirrored": false,
                    "twinId": 0,
                    "flooded": false,
                    "pathable": true,
                    "mergeable": false,
                    "no_features": false
                },
                {
                    "spec": "/pa/terrain/metal/brushes/metal_trench_11.json",
                    "weight": [
                        1,
                        1,
                        1,
                        1
                    ],
                    "proj": "BP_LongitudePinch",
                    "op": "BO_Add",
                    "transform": [
                        0.7071067690849304,
                        5.960464477539063e-8,
                        -0.7071067094802856,
                        -423.5728454589844,
                        -0.7071067690849304,
                        5.960464477539063e-8,
                        -0.7071067094802856,
                        -423.5728454589844,
                        0,
                        0.9999998807907104,
                        1.1920928955078125e-7,
                        0.0000714090492692776
                    ],
                    "scale": [
                        1,
                        1,
                        1
                    ],
                    "rotation": -0.7853981852531433,
                    "position": [
                        -423.5728759765625,
                        -423.5728759765625,
                        0
                    ],
                    "height": 599.0225219726562,
                    "weightHard": true,
                    "weightScale": [
                        1,
                        1,
                        1
                    ],
                    "mirrored": false,
                    "twinId": 0,
                    "flooded": false,
                    "pathable": false,
                    "mergeable": false,
                    "no_features": false
                },
                {
                    "spec": "/pa/terrain/metal/brushes/metal_trench_11_sub.json",
                    "weight": [
                        0,
                        0,
                        0,
                        0
                    ],
                    "proj": "BP_LongitudePinch",
                    "op": "BO_Subtract",
                    "transform": [
                        0.7071067690849304,
                        1.7881393432617188e-7,
                        -0.7071067094802856,
                        -423.5728454589844,
                        -0.7071067690849304,
                        1.7881393432617188e-7,
                        -0.7071067094802856,
                        -423.5728454589844,
                        0,
                        0.9999998807907104,
                        2.384185791015625e-7,
                        0.0001428180985385552
                    ],
                    "scale": [
                        1,
                        1,
                        1
                    ],
                    "rotation": -0.7853981852531433,
                    "position": [
                        -423.5728759765625,
                        -423.5728759765625,
                        0.00007140905654523522
                    ],
                    "height": 599.0225219726562,
                    "weightHard": false,
                    "weightScale": [
                        1,
                        1,
                        1
                    ],
                    "mirrored": false,
                    "twinId": 0,
                    "flooded": false,
                    "pathable": true,
                    "mergeable": false,
                    "no_features": true
                },
                {
                    "spec": "/pa/terrain/metal/brushes/metal_trench_11_add.json",
                    "weight": [
                        0,
                        0,
                        0,
                        0
                    ],
                    "proj": "BP_LongitudePinch",
                    "op": "BO_Add",
                    "transform": [
                        0.7071067690849304,
                        1.7881393432617188e-7,
                        -0.7071067094802856,
                        -423.5728454589844,
                        -0.7071067690849304,
                        1.7881393432617188e-7,
                        -0.7071067094802856,
                        -423.5728454589844,
                        0,
                        0.9999998807907104,
                        2.384185791015625e-7,
                        0.0001428180985385552
                    ],
                    "scale": [
                        1,
                        1,
                        1
                    ],
                    "rotation": -0.7853981852531433,
                    "position": [
                        -423.5728759765625,
                        -423.5728759765625,
                        0.00007140905654523522
                    ],
                    "height": 599.0225219726562,
                    "weightHard": false,
                    "weightScale": [
                        1,
                        1,
                        1
                    ],
                    "mirrored": false,
                    "twinId": 0,
                    "flooded": false,
                    "pathable": true,
                    "mergeable": false,
                    "no_features": false
                },
                {
                    "spec": "/pa/terrain/metal/brushes/metal_trench_11.json",
                    "weight": [
                        1,
                        1,
                        1,
                        1
                    ],
                    "proj": "BP_LongitudePinch",
                    "op": "BO_Add",
                    "transform": [
                        0.7071067690849304,
                        -5.960464477539063e-8,
                        0.7071067094802856,
                        372.8908996582031,
                        0.7071067690849304,
                        5.960464477539063e-8,
                        -0.7071067094802856,
                        -372.8908996582031,
                        0,
                        0.9999998807907104,
                        1.1920928955078125e-7,
                        0.00006286471034400165
                    ],
                    "scale": [
                        1,
                        1,
                        1
                    ],
                    "rotation": 0.7853981852531433,
                    "position": [
                        372.89093017578125,
                        -372.89093017578125,
                        0
                    ],
                    "height": 527.347412109375,
                    "weightHard": true,
                    "weightScale": [
                        1,
                        1,
                        1
                    ],
                    "mirrored": false,
                    "twinId": 0,
                    "flooded": false,
                    "pathable": false,
                    "mergeable": false,
                    "no_features": false
                },
                {
                    "spec": "/pa/terrain/metal/brushes/metal_trench_11_sub.json",
                    "weight": [
                        0,
                        0,
                        0,
                        0
                    ],
                    "proj": "BP_LongitudePinch",
                    "op": "BO_Subtract",
                    "transform": [
                        0.7071067690849304,
                        -1.7881393432617188e-7,
                        0.7071066498756409,
                        372.8908996582031,
                        0.7071067690849304,
                        1.7881393432617188e-7,
                        -0.7071066498756409,
                        -372.8908996582031,
                        0,
                        0.9999998211860657,
                        2.384185791015625e-7,
                        0.00012572943523991853
                    ],
                    "scale": [
                        1,
                        1,
                        1
                    ],
                    "rotation": 0.7853981852531433,
                    "position": [
                        372.8909912109375,
                        -372.8909912109375,
                        0.00006286472489591688
                    ],
                    "height": 527.3474731445312,
                    "weightHard": false,
                    "weightScale": [
                        1,
                        1,
                        1
                    ],
                    "mirrored": false,
                    "twinId": 0,
                    "flooded": false,
                    "pathable": true,
                    "mergeable": false,
                    "no_features": true
                },
                {
                    "spec": "/pa/terrain/metal/brushes/metal_trench_11_add.json",
                    "weight": [
                        0,
                        0,
                        0,
                        0
                    ],
                    "proj": "BP_LongitudePinch",
                    "op": "BO_Add",
                    "transform": [
                        0.7071067690849304,
                        -1.7881393432617188e-7,
                        0.7071066498756409,
                        372.8908996582031,
                        0.7071067690849304,
                        1.7881393432617188e-7,
                        -0.7071066498756409,
                        -372.8908996582031,
                        0,
                        0.9999998211860657,
                        2.384185791015625e-7,
                        0.00012572943523991853
                    ],
                    "scale": [
                        1,
                        1,
                        1
                    ],
                    "rotation": 0.7853981852531433,
                    "position": [
                        372.8909912109375,
                        -372.8909912109375,
                        0.00006286472489591688
                    ],
                    "height": 527.3474731445312,
                    "weightHard": false,
                    "weightScale": [
                        1,
                        1,
                        1
                    ],
                    "mirrored": false,
                    "twinId": 0,
                    "flooded": false,
                    "pathable": true,
                    "mergeable": false,
                    "no_features": false
                },
                {
                    "spec": "/pa/terrain/metal/brushes/metal_trench_11.json",
                    "weight": [
                        1,
                        1,
                        1,
                        1
                    ],
                    "proj": "BP_LongitudePinch",
                    "op": "BO_Add",
                    "transform": [
                        0.7071067690849304,
                        -5.960464477539063e-8,
                        -0.7071067094802856,
                        -378.6681213378906,
                        0.7071067690849304,
                        5.960464477539063e-8,
                        0.7071067094802856,
                        378.6681213378906,
                        0,
                        -0.9999998807907104,
                        1.1920928955078125e-7,
                        0.00006383867730619386
                    ],
                    "scale": [
                        1,
                        1,
                        1
                    ],
                    "rotation": 0.7853981852531433,
                    "position": [
                        -378.66815185546875,
                        378.66815185546875,
                        0
                    ],
                    "height": 535.5176391601562,
                    "weightHard": true,
                    "weightScale": [
                        1,
                        1,
                        1
                    ],
                    "mirrored": false,
                    "twinId": 0,
                    "flooded": false,
                    "pathable": false,
                    "mergeable": false,
                    "no_features": false
                },
                {
                    "spec": "/pa/terrain/metal/brushes/metal_trench_11_sub.json",
                    "weight": [
                        0,
                        0,
                        0,
                        0
                    ],
                    "proj": "BP_LongitudePinch",
                    "op": "BO_Subtract",
                    "transform": [
                        0.7071067690849304,
                        -1.7881393432617188e-7,
                        -0.7071067094802856,
                        -378.6681213378906,
                        0.7071067690849304,
                        1.7881393432617188e-7,
                        0.7071067094802856,
                        378.6681213378906,
                        0,
                        -0.9999998807907104,
                        2.384185791015625e-7,
                        0.00012767735461238772
                    ],
                    "scale": [
                        1,
                        1,
                        1
                    ],
                    "rotation": 0.7853981852531433,
                    "position": [
                        -378.66815185546875,
                        378.66815185546875,
                        0.00006383868458215147
                    ],
                    "height": 535.5176391601562,
                    "weightHard": false,
                    "weightScale": [
                        1,
                        1,
                        1
                    ],
                    "mirrored": false,
                    "twinId": 0,
                    "flooded": false,
                    "pathable": true,
                    "mergeable": false,
                    "no_features": true
                },
                {
                    "spec": "/pa/terrain/metal/brushes/metal_trench_11_add.json",
                    "weight": [
                        0,
                        0,
                        0,
                        0
                    ],
                    "proj": "BP_LongitudePinch",
                    "op": "BO_Add",
                    "transform": [
                        0.7071067690849304,
                        -1.7881393432617188e-7,
                        -0.7071067094802856,
                        -378.6681213378906,
                        0.7071067690849304,
                        1.7881393432617188e-7,
                        0.7071067094802856,
                        378.6681213378906,
                        0,
                        -0.9999998807907104,
                        2.384185791015625e-7,
                        0.00012767735461238772
                    ],
                    "scale": [
                        1,
                        1,
                        1
                    ],
                    "rotation": 0.7853981852531433,
                    "position": [
                        -378.66815185546875,
                        378.66815185546875,
                        0.00006383868458215147
                    ],
                    "height": 535.5176391601562,
                    "weightHard": false,
                    "weightScale": [
                        1,
                        1,
                        1
                    ],
                    "mirrored": false,
                    "twinId": 0,
                    "flooded": false,
                    "pathable": true,
                    "mergeable": false,
                    "no_features": false
                },
                {
                    "spec": "/pa/terrain/metal/brushes/metal_structure_01.json",
                    "weight": [
                        1,
                        1,
                        1,
                        1
                    ],
                    "proj": "BP_LongitudePinch",
                    "op": "BO_Add",
                    "transform": [
                        0.7071067690849304,
                        -0.11830848455429077,
                        -0.6971392631530762,
                        -377.85589599609375,
                        0.7071067690849304,
                        0.11830848455429077,
                        0.6971392631530762,
                        377.85589599609375,
                        0,
                        -0.985903799533844,
                        0.16731345653533936,
                        90.68543243408203
                    ],
                    "scale": [
                        1,
                        1,
                        1
                    ],
                    "rotation": 0.7853981852531433,
                    "position": [
                        -377.8558654785156,
                        377.8558654785156,
                        90.68540954589844
                    ],
                    "height": 542.0092163085938,
                    "weightHard": true,
                    "weightScale": [
                        1,
                        1,
                        1
                    ],
                    "mirrored": false,
                    "twinId": 0,
                    "flooded": false,
                    "pathable": true,
                    "mergeable": true,
                    "no_features": false
                },
                {
                    "spec": "/pa/terrain/metal/brushes/metal_structure_06.json",
                    "weight": [
                        1,
                        1,
                        1,
                        1
                    ],
                    "proj": "BP_LongitudePinch",
                    "op": "BO_Add",
                    "transform": [
                        0.8660253882408142,
                        0.26601600646972656,
                        0.4233620762825012,
                        231.15086364746094,
                        -0.5,
                        0.4607532322406769,
                        0.7332846522331238,
                        400.36505126953125,
                        2.9802322387695312e-8,
                        -0.8467241525650024,
                        0.5320320129394531,
                        290.4833984375
                    ],
                    "scale": [
                        1,
                        1,
                        1
                    ],
                    "rotation": -0.5235987901687622,
                    "position": [
                        231.15089416503906,
                        400.3651123046875,
                        290.4833984375
                    ],
                    "height": 545.9885864257812,
                    "weightHard": true,
                    "weightScale": [
                        3,
                        3,
                        3
                    ],
                    "mirrored": false,
                    "twinId": 0,
                    "flooded": false,
                    "pathable": false,
                    "mergeable": false,
                    "no_features": false
                },
                {
                    "spec": "/pa/terrain/metal/brushes/metal_structure_06.json",
                    "weight": [
                        1,
                        1,
                        1,
                        1
                    ],
                    "proj": "BP_LongitudePinch",
                    "op": "BO_Add",
                    "transform": [
                        7.899061671423624e-8,
                        -0.7071068286895752,
                        -0.7071067094802856,
                        -370.5816650390625,
                        1,
                        4.989237112340561e-8,
                        6.181723222198343e-8,
                        0.0000323972781188786,
                        -8.432159859239619e-9,
                        -0.7071067094802856,
                        0.7071068286895752,
                        370.58172607421875
                    ],
                    "scale": [
                        1,
                        1,
                        1
                    ],
                    "rotation": 1.570796251296997,
                    "position": [
                        -370.5816650390625,
                        0.0000323972781188786,
                        370.58172607421875
                    ],
                    "height": 524.0816650390625,
                    "weightHard": true,
                    "weightScale": [
                        3,
                        3,
                        3
                    ],
                    "mirrored": false,
                    "twinId": 0,
                    "flooded": false,
                    "pathable": false,
                    "mergeable": false,
                    "no_features": false
                },
                {
                    "spec": "/pa/terrain/metal/brushes/metal_structure_06.json",
                    "weight": [
                        1,
                        1,
                        1,
                        1
                    ],
                    "proj": "BP_LongitudePinch",
                    "op": "BO_Add",
                    "transform": [
                        -0.8660253882408142,
                        0.26601606607437134,
                        0.42336204648017883,
                        227.2974090576172,
                        -0.5,
                        -0.4607532024383545,
                        -0.7332846522331238,
                        -393.6907043457031,
                        -8.940696716308594e-8,
                        -0.8467242121696472,
                        0.5320320129394531,
