{
    "name": "Ice-E",
    "players": [
        2,
        6
    ],
	"creator": "(Metapod)",
    "version": "1",
    "date": "2016/06/22",
    "description":"A naval map where all players spawn on the same continent.",
	"planets": [
        {
            "name": "C-ice",
            "mass": 10000,
            "position_x": 72500,
            "position_y": 14800,
            "velocity_x": -16.441499710083008,
            "velocity_y": 80.5411148071289,
            "required_thrust_to_move": 0,
            "starting_planet": true,
            "respawn": false,
            "start_destroyed": false,
            "min_spawn_delay": 0,
            "max_spawn_delay": 0,
            "planet": {
                "seed": 1502475136,
                "radius": 587,
                "heightRange": 35,
                "waterHeight": 63,
                "waterDepth": 100,
                "temperature": 0,
                "metalDensity": 0,
                "metalClusters": 0,
                "metalSpotLimit": -1,
                "biomeScale": 50,
                "biome": "earth",
                "symmetryType": "terrain and CSG",
                "symmetricalMetal": true,
                "symmetricalStarts": false,
                "numArmies": 2,
                "landingZonesPerArmy": 1,
                "landingZoneSize": 50
            },
            "source": {
                "brushes": [
                    {
                        "spec": "/pa/terrain/ice/brushes/ice_cliff_09.json",
                        "weight": [
                            1,
                            1,
                            1,
                            1
                        ],
                        "proj": "BP_Bend",
                        "op": "BO_Add",
                        "transform": [
                            -0.7382329106330872,
                            0.4996386170387268,
                            0.45318153500556946,
                            276.3445129394531,
                            -0.674045979976654,
                            -0.5722683072090149,
                            -0.4670877456665039,
                            -284.8243408203125,
                            0.025966346263885498,
                            -0.6502847671508789,
                            0.7592466473579407,
                            462.979248046875
                        ],
                        "scale": [
                            1,
                            1,
                            1
                        ],
                        "rotation": 3.871971368789673,
                        "position": [
                            276.34454345703125,
                            -284.8243713378906,
                            462.979248046875
                        ],
                        "height": 609.7876586914062,
                        "weightHard": false,
                        "weightScale": [
                            1,
                            1,
                            1
                        ],
                        "mirrored": false,
                        "twinId": 1,
                        "flooded": false,
                        "pathable": false,
                        "mergeable": false,
                        "no_features": false
                    },
                    {
                        "spec": "/pa/terrain/ice/brushes/ice_cliff_09.json",
                        "weight": [
                            1,
                            1,
                            1,
                            1
                        ],
                        "proj": "BP_Bend",
                        "op": "BO_Add",
                        "transform": [
                            0.8053438067436218,
                            -0.11717462539672852,
                            0.581112265586853,
                            349.5448303222656,
                            0.5793423652648926,
                            0.3633171319961548,
                            -0.7296321392059326,
                            -438.88104248046875,
                            -0.12563365697860718,
                            0.9242676496505737,
                            0.3604794144630432,
                            216.83197021484375
                        ],
                        "scale": [
                            1,
                            1,
                            1
                        ],
                        "rotation": 0.5374700427055359,
                        "position": [
                            349.5448303222656,
                            -438.8810119628906,
                            216.83192443847656
                        ],
                        "height": 601.510009765625,
                        "weightHard": false,
                        "weightScale": [
                            1,
                            1,
                            1
                        ],
                        "mirrored": false,
                        "twinId": 2,
                        "flooded": false,
                        "pathable": false,
                        "mergeable": false,
                        "no_features": false
                    },
                    {
                        "spec": "/pa/terrain/ice/brushes/ice_cliff_11.json",
                        "weight": [
                            1,
                            1,
                            1,
                            1
                        ],
                        "proj": "BP_Bend",
                        "op": "BO_Add",
                        "transform": [
                            -0.09026145935058594,
                            0.3721788823604584,
                            0.923761785030365,
                            559.8089599609375,
                            -0.6485049724578857,
                            0.6819868087768555,
                            -0.3381349444389343,
                            -204.91317749023438,
                            -0.7558400630950928,
                            -0.6295846700668335,
                            0.17980271577835083,
                            108.9622573852539
                        ],
                        "scale": [
                            1,
                            1,
                            1
                        ],
                        "rotation": 5.237773895263672,
                        "position": [
                            559.808837890625,
                            -204.91314697265625,
                            108.96222686767578
                        ],
                        "height": 606.0100708007812,
                        "weightHard": false,
                        "weightScale": [
                            1,
                            1,
                            1
                        ],
                        "mirrored": false,
                        "twinId": 3,
                        "flooded": false,
                        "pathable": false,
                        "mergeable": false,
                        "no_features": false
                    },
                    {
                        "spec": "/pa/terrain/ice/brushes/ice_cliff_09.json",
                        "weight": [
                            1,
                            1,
                            1,
                            1
                        ],
                        "proj": "BP_Bend",
                        "op": "BO_Add",
                        "transform": [
                            -0.4661054313182831,
                            0.01885506510734558,
                            0.8845282793045044,
                            541.219482421875,
                            0.42782843112945557,
                            -0.8703034520149231,
                            0.24399757385253906,
                            149.29566955566406,
                            0.7744086384773254,
                            0.49215492606163025,
                            0.3975864052772522,
                            243.2726287841797
                        ],
                        "scale": [
                            1,
                            1,
                            1
                        ],
                        "rotation": 2.844618320465088,
                        "position": [
                            541.2195434570312,
                            149.29568481445312,
                            243.27268981933594
                        ],
                        "height": 611.8735961914062,
                        "weightHard": false,
                        "weightScale": [
                            1,
                            1,
                            1
                        ],
                        "mirrored": false,
                        "twinId": 4,
                        "flooded": false,
                        "pathable": false,
                        "mergeable": false,
                        "no_features": false
                    },
                    {
                        "spec": "/pa/terrain/ice/brushes/ice_cliff_09.json",
                        "weight": [
                            1,
                            1,
                            1,
                            1
                        ],
                        "proj": "BP_Bend",
                        "op": "BO_Add",
                        "transform": [
                            -0.5458964109420776,
                            -0.622965931892395,
                            0.5602772235870361,
                            342.87042236328125,
                            0.617260754108429,
                            -0.751204788684845,
                            -0.2338387817144394,
                            -143.10130310058594,
                            0.5665565133094788,
                            0.2181853950023651,
                            0.7946124076843262,
                            486.2754821777344
                        ],
                        "scale": [
                            1,
                            1,
                            1
                        ],
                        "rotation": 2.378605842590332,
                        "position": [
                            342.87042236328125,
                            -143.10130310058594,
                            486.27545166015625
                        ],
                        "height": 611.9656372070312,
                        "weightHard": false,
                        "weightScale": [
                            1,
                            1,
                            1
                        ],
                        "mirrored": false,
                        "twinId": 5,
                        "flooded": false,
                        "pathable": false,
                        "mergeable": false,
                        "no_features": false
                    },
                    {
                        "spec": "/pa/terrain/ice/brushes/ice_cliff_11.json",
                        "weight": [
                            1,
                            1,
                            1,
                            1
                        ],
                        "proj": "BP_Bend",
                        "op": "BO_Add",
                        "transform": [
                            0.40380772948265076,
                            0.5561142563819885,
                            0.7264132499694824,
                            443.7571716308594,
                            -0.9132489562034607,
                            0.29190367460250854,
                            0.28419801592826843,
                            173.61317443847656,
                            -0.053996115922927856,
                            -0.7781574726104736,
                            0.6257436871528625,
                            382.25933837890625
                        ],
                        "scale": [
                            1,
                            1,
                            1
                        ],
                        "rotation": 5.154594898223877,
                        "position": [
                            443.7572937011719,
                            173.6132354736328,
                            382.2593994140625
                        ],
                        "height": 610.8880615234375,
                        "weightHard": false,
                        "weightScale": [
                            1,
                            1,
                            1
                        ],
                        "mirrored": false,
                        "twinId": 6,
                        "flooded": false,
                        "pathable": false,
                        "mergeable": false,
                        "no_features": false
                    },
                    {
                        "spec": "/pa/terrain/ice/brushes/ice_cliff_01.json",
                        "weight": [
                            1,
                            1,
                            1,
                            1
                        ],
                        "proj": "BP_Bend",
                        "op": "BO_Add",
                        "transform": [
                            0.15102800726890564,
                            0.9261939525604248,
                            0.345478355884552,
                            208.60968017578125,
                            -0.8114925026893616,
                            0.31574007868766785,
                            -0.4917195737361908,
                            -296.9142761230469,
                            -0.5645090341567993,
                            -0.20608966052532196,
                            0.7992850542068481,
                            482.631103515625
                        ],
                        "scale": [
                            1,
                            1,
                            1
                        ],
                        "rotation": 4.974809169769287,
                        "position": [
                            208.60968017578125,
                            -296.9142761230469,
                            482.631103515625
                        ],
                        "height": 603.8284912109375,
                        "weightHard": false,
                        "weightScale": [
                            1,
                            1,
                            1
                        ],
                        "mirrored": false,
                        "twinId": 7,
                        "flooded": false,
                        "pathable": false,
                        "mergeable": false,
                        "no_features": false
                    },
                    {
                        "spec": "/pa/terrain/ice/brushes/ice_cliff_04.json",
                        "weight": [
                            1,
                            1,
                            1,
                            1
                        ],
                        "proj": "BP_Bend",
                        "op": "BO_Add",
                        "transform": [
                            -0.44186198711395264,
                            0.26683148741722107,
                            0.8564804792404175,
                            518.0516357421875,
                            -0.8922367691993713,
                            -0.03161314129829407,
                            -0.4504598379135132,
                            -272.465576171875,
                            -0.09312078356742859,
                            -0.9632244110107422,
                            0.25204551219940186,
                            152.45248413085938
                        ],
                        "scale": [
                            1,
                            1,
                            1
                        ],
                        "rotation": 4.32457971572876,
                        "position": [
                            518.0516357421875,
                            -272.465576171875,
                            152.4524383544922
                        ],
                        "height": 604.8609619140625,
                        "weightHard": false,
                        "weightScale": [
                            1,
                            1,
                            1
                        ],
                        "mirrored": false,
                        "twinId": 8,
                        "flooded": false,
                        "pathable": false,
                        "mergeable": false,
                        "no_features": false
                    },
                    {
                        "spec": "/pa/terrain/ice/brushes/ice_cliff_03.json",
                        "weight": [
                            1,
                            1,
                            1,
                            1
                        ],
                        "proj": "BP_Bend",
                        "op": "BO_Add",
                        "transform": [
                            -0.4162166118621826,
                            0.7179487943649292,
                            0.5579546093940735,
                            334.6554260253906,
                            -0.6032711863517761,
                            0.24107703566551208,
                            -0.760227382183075,
                            -455.9765319824219,
                            -0.6803143620491028,
                            -0.6530172824859619,
                            0.3327774703502655,
                            199.5964813232422
                        ],
                        "scale": [
                            1,
                            1,
                            1
                        ],
                        "rotation": 4.5805983543396,
                        "position": [
                            334.6554260253906,
                            -455.9765319824219,
                            199.59654235839844
                        ],
                        "height": 599.7896118164062,
                        "weightHard": false,
                        "weightScale": [
                            1,
                            1,
                            1
                        ],
                        "mirrored": false,
                        "twinId": 9,
                        "flooded": false,
                        "pathable": false,
                        "mergeable": false,
                        "no_features": false
                    },
                    {
                        "spec": "/pa/terrain/ice/brushes/ice_cliff_03.json",
                        "weight": [
                            1,
                            1,
                            1,
                            1
                        ],
                        "proj": "BP_Bend",
                        "op": "BO_Add",
                        "transform": [
                            -0.2487054318189621,
                            0.4927900433540344,
                            0.8338486552238464,
                            507.271240234375,
                            -0.2343990057706833,
                            -0.86593097448349,
                            0.4418378174304962,
                            268.7917175292969,
                            0.9397886991500854,
                            -0.08556583523750305,
                            0.33087122440338135,
                            201.2852783203125
                        ],
                        "scale": [
                            1,
                            1,
                            1
                        ],
                        "rotation": 3.719653367996216,
                        "position": [
                            507.271240234375,
                            268.791748046875,
                            201.2853546142578
                        ],
                        "height": 608.3493041992188,
                        "weightHard": false,
                        "weightScale": [
                            1,
                            1,
                            1
                        ],
                        "mirrored": false,
                        "twinId": 10,
                        "flooded": false,
                        "pathable": false,
                        "mergeable": false,
                        "no_features": false
                    },
                    {
                        "spec": "/pa/terrain/ice/brushes/ice_cliff_03.json",
                        "weight": [
                            1,
                            1,
                            1,
                            1
                        ],
                        "proj": "BP_Bend",
                        "op": "BO_Add",
                        "transform": [
                            -0.6672552824020386,
                            -0.22336311638355255,
                            0.7105486392974854,
                            434.1219177246094,
                            0.530921459197998,
                            -0.8117109537124634,
                            0.2434089034795761,
                            148.71485900878906,
                            0.5223914980888367,
                            0.5396613478660583,
                            0.66020667552948,
                            403.3646545410156
                        ],
                        "scale": [
                            1,
                            1,
                            1
                        ],
                        "rotation": 2.669970750808716,
                        "position": [
                            434.1219787597656,
                            148.71487426757812,
                            403.3646545410156
                        ],
                        "height": 610.9672241210938,
                        "weightHard": false,
                        "weightScale": [
                            1,
                            1,
                            1
                        ],
                        "mirrored": false,
                        "twinId": 11,
                        "flooded": false,
                        "pathable": false,
                        "mergeable": false,
                        "no_features": false
                    },
                    {
                        "spec": "/pa/terrain/ice/brushes/ice_cliff_04.json",
                        "weight": [
                            1,
                            1,
                            1,
                            1
                        ],
                        "proj": "BP_Bend",
                        "op": "BO_Add",
                        "transform": [
                            0.6666152477264404,
                            -0.001975029706954956,
                            0.7453993558883667,
                            458.3536682128906,
                            0.20315705239772797,
                            0.9626204967498779,
                            -0.17913399636745453,
                            -110.15132141113281,
                            -0.7171829342842102,
                            0.2708466053009033,
                            0.6420986652374268,
                            394.8330383300781
                        ],
                        "scale": [
                            1,
                            1,
                            1
                        ],
                        "rotation": 0.12524788081645966,
                        "position": [
                            458.3537902832031,
                            -110.1513442993164,
                            394.83306884765625
                        ],
                        "height": 614.9102172851562,
                        "weightHard": false,
                        "weightScale": [
                            1,
                            1,
                            1
                        ],
                        "mirrored": false,
                        "twinId": 12,
                        "flooded": false,
                        "pathable": false,
                        "mergeable": false,
                        "no_features": false
                    },
                    {
                        "spec": "/pa/terrain/ice/brushes/ice_cliff_04.json",
                        "weight": [
                            1,
                            1,
                            1,
                            1
                        ],
                        "proj": "BP_Bend",
                        "op": "BO_Add",
                        "transform": [
                            -0.8359670042991638,
                            -0.05976484715938568,
                            0.5455156564712524,
                            328.8979187011719,
                            0.36313289403915405,
                            -0.8055433034896851,
                            0.4682248532772064,
                            282.2983703613281,
                            0.4114530682563782,
                            0.589515209197998,
                            0.6951102018356323,
                            419.09027099609375
                        ],
                        "scale": [
                            1,
                            1,
                            1
                        ],
                        "rotation": 2.889448404312134,
                        "position": [
                            328.8979187011719,
                            282.2983703613281,
                            419.0902404785156
                        ],
                        "height": 602.9119873046875,
                        "weightHard": false,
                        "weightScale": [
                            1,
                            1,
                            1
                        ],
                        "mirrored": false,
                        "twinId": 13,
                        "flooded": false,
                        "pathable": false,
                        "mergeable": false,
                        "no_features": false
                    },
                    {
                        "spec": "/pa/terrain/ice/brushes/ice_cliff_04.json",
                        "weight": [
                            1,
                            1,
                            1,
                            1
                        ],
                        "proj": "BP_Bend",
                        "op": "BO_Add",
                        "transform": [
                            0.8041644096374512,
                            -0.19042184948921204,
                            0.5630800127983093,
                            346.5106201171875,
                            0.46835023164749146,
                            0.7862992286682129,
                            -0.4029659032821655,
                            -247.97891235351562,
                            -0.36601585149765015,
                            0.5877695083618164,
                            0.7214980125427246,
                            443.9985656738281
                        ],
                        "scale": [
                            1,
                            1,
                            1
                        ],
                        "rotation": 0.3926886022090912,
                        "position": [
                            346.51068115234375,
                            -247.9789581298828,
                            443.9986877441406
                        ],
                        "height": 615.3843383789062,
                        "weightHard": false,
                        "weightScale": [
                            1,
                            1,
                            1
                        ],
                        "mirrored": false,
                        "twinId": 14,
                        "flooded": false,
                        "pathable": false,
                        "mergeable": false,
                        "no_features": false
                    },
                    {
                        "spec": "/pa/terrain/ice/brushes/ice_cliff_01.json",
                        "weight": [
                            1,
                            1,
                            1,
                            1
                        ],
                        "proj": "BP_Bend",
                        "op": "BO_Add",
                        "transform": [
                            0.40867549180984497,
                            -0.7670280337333679,
                            0.49462342262268066,
                            299.2595520019531,
                            0.9107261896133423,
                            0.37816092371940613,
                            -0.16604845225811005,
                            -100.46347045898438,
                            -0.0596834272146225,
                            0.518326461315155,
                            0.853097677230835,
                            516.1454467773438
                        ],
                        "scale": [
                            1,
                            1,
                            1
                        ],
                        "rotation": 1.1322696208953857,
                        "position": [
                            299.2595520019531,
                            -100.4634780883789,
                            516.1454467773438
                        ],
                        "height": 605.0250244140625,
                        "weightHard": false,
                        "weightScale": [
                            1,
                            1,
                            1
                        ],
                        "mirrored": false,
                        "twinId": 15,
                        "flooded": false,
                        "pathable": false,
                        "mergeable": false,
                        "no_features": false
                    },
                    {
                        "spec": "/pa/terrain/ice/brushes/ice_cliff_01.json",
                        "weight": [
                            1,
                            1,
                            1,
                            1
                        ],
                        "proj": "BP_Bend",
                        "op": "BO_Add",
                        "transform": [
                            -0.33851128816604614,
                            -0.5105283260345459,
                            0.7904245257377625,
                            484.7479553222656,
                            0.9404023885726929,
                            -0.15457741916179657,
                            0.30290138721466064,
                            185.76197814941406,
                            -0.03245800733566284,
                            0.8458526730537415,
                            0.5324282646179199,
                            326.5251770019531
                        ],
                        "scale": [
                            1,
                            1,
                            1
                        ],
                        "rotation": 1.8983941078186035,
                        "position": [
                            484.7479553222656,
                            185.76197814941406,
                            326.52520751953125
                        ],
                        "height": 613.2754516601562,
                        "weightHard": false,
                        "weightScale": [
                            1,
                            1,
                            1
                        ],
                        "mirrored": false,
                        "twinId": 16,
                        "flooded": false,
                        "pathable": false,
                        "mergeable": false,
                        "no_features": false
                    },
                    {
                        "spec": "/pa/terrain/ice/brushes/ice_cliff_03.json",
                        "weight": [
                            1,
                            1,
                            1,
                            1
                        ],
                        "proj": "BP_Bend",
                        "op": "BO_Add",
                        "transform": [
                            0.6644832491874695,
                            0.678315281867981,
                            0.3136086165904999,
                            188.75363159179688,
                            -0.5166606903076172,
                            0.7201932668685913,
                            -0.4630155861377716,
                            -278.67816162109375,
                            -0.5399293303489685,
                            0.1456368863582611,
                            0.8290151953697205,
                            498.9646911621094
                        ],
                        "scale": [
                            1,
                            1,
                            1
                        ],
                        "rotation": 5.571192264556885,
                        "position": [
                            188.75363159179688,
                            -278.67816162109375,
                            498.96466064453125
                        ],
                        "height": 601.8764038085938,
                        "weightHard": false,
                        "weightScale": [
                            1,
                            1,
                            1
                        ],
                        "mirrored": false,
                        "twinId": 17,
                        "flooded": false,
                        "pathable": false,
                        "mergeable": false,
                        "no_features": false
                    },
                    {
                        "spec": "/pa/terrain/ice/brushes/ice_cliff_04.json",
                        "weight": [
                            1,
                            1,
                            1,
                            1
                        ],
                        "proj": "BP_Bend",
                        "op": "BO_Add",
                        "transform": [
                            0.21980661153793335,
                            0.026231970638036728,
                            0.9751908779144287,
                            588.2767333984375,
                            -0.9713292121887207,
                            0.09870199859142303,
                            0.2162812203168869,
                            130.47006225585938,
                            -0.0905798077583313,
                            -0.9947713613510132,
                            0.04717522859573364,
                            28.458110809326172
                        ],
                        "scale": [
                            1,
                            1,
                            1
                        ],
                        "rotation": 5.021445274353027,
                        "position": [
                            588.276611328125,
                            130.47003173828125,
                            28.45818519592285
                        ],
                        "height": 603.24267578125,
                        "weightHard": false,
                        "weightScale": [
                            1,
                            1,
                            1
                        ],
                        "mirrored": false,
                        "twinId": 18,
                        "flooded": false,
                        "pathable": false,
                        "mergeable": false,
                        "no_features": false
                    },
                    {
                        "spec": "/pa/terrain/ice/brushes/ice_cliff_04.json",
                        "weight": [
                            1,
                            1,
                            1,
                            1
                        ],
                        "proj": "BP_Bend",
                        "op": "BO_Add",
                        "transform": [
                            0.8274179697036743,
                            0.4804536998271942,
                            0.29076412320137024,
                            174.90879821777344,
                            -0.23614153265953064,
                            0.7674139142036438,
                            -0.5960814356803894,
                            -358.5720520019531,
                            -0.5095259547233582,
                            0.424547016620636,
                            0.748427152633667,
                            450.2154235839844
                        ],
                        "scale": [
                            1,
                            1,
                            1
                        ],
                        "rotation": 5.860894203186035,
                        "position": [
                            174.90882873535156,
                            -358.57208251953125,
                            450.2154846191406
                        ],
                        "height": 601.5487670898438,
                        "weightHard": false,
                        "weightScale": [
                            1,
                            1,
                            1
                        ],
                        "mirrored": false,
                        "twinId": 19,
                        "flooded": false,
                        "pathable": false,
                        "mergeable": false,
                        "no_features": false
                    },
                    {
                        "spec": "/pa/terrain/ice/brushes/ice_cliff_01.json",
                        "weight": [
                            1,
                            1,
                            1,
                            1
                        ],
                        "proj": "BP_Bend",
                        "op": "BO_Add",
                        "transform": [
                            -0.024694010615348816,
                            0.4977233111858368,
                            0.8669843077659607,
                            530.858642578125,
                            -0.8538657426834106,
                            -0.4615274667739868,
                            0.24063599109649658,
                            147.3425750732422,
                            0.5199072360992432,
                            -0.7343459129333496,
                            0.4363858103752136,
                            267.2011413574219
                        ],
                        "scale": [
                            1,
                            1,
                            1
                        ],
                        "rotation": 4.367063045501709,
                        "position": [
